  0
  1
  4
  9
  19
  33
  63
  109
  202
  316
  549
  913
  1531
  2398
  3937
  6246
  10390
  15898
  26151
  40965
  65409
  100878
  160065
  252193
  399403
  611158
  969691
  1507965
  2362204
  3632062
  5657635
  8725657
  13779540
  20767725
  32721003
  50139508
  77731542
  118943142
  184071973
  283081047
  440218909
  667778782
  1034394552
  1590457587
  2449862272
  3716165326
  5731367293
  8754617517
  13576446573
  20461634100
  31708436805
  48358104058
  74100771256
  112314775222
  172318220730
  263677654324
  405363763779
  612086564749
  941317154781
  1434358815453
  2195761331925
  3330803831374
  5095750943740
  7739161751112
  11899529535394
  17883911361771
  27494170900713
  41705562685294
  63738264812107
  96482480035972
  147376213502607
  223839768029442
  342821137232215
  516680166221164
  789205459422960
  1201012611127831
  1831647935911380
  2765276651308294
  4210044852822210
  6381178404803779
  9762375198885403
  14685422822236428
  22471319783376357
  34043133250601937
  51819287386091431
  78245498088473662
  118883434376680965
  180498561503227551
  275039822183022456
  414428205110406214
  631559341828623003
  958027744144219540
  1454274213833656656
  2198510192360409457
  3338983042538226238
  5050694466583498291
  7700897450648444701
  11573748945607004758
  17642816417064118248
  26689684239266400369
  40485246967842941637
  61166214958501123204
  92809899665848848246
  140489065995878048572
  213643400744250988840
  321893880276567697606
  488902854665414249419
  740561111540142793132
  1123166589931607656810
  1692771644902498488001
  2568447927600807687931
  3878447570817691321026
  5902220250169030148598
  8874525301720301439328
  13502093281557306147297
  20384388595234638363637
  30886302799144773094137
  46551865023718154976934
  70558810221121247473614
  106779930292763253133708
  161918740223668111147926
  243572400628477415633589
  370008988716724981011874
  559063913703538717427095
  846959034595383913541116
  1276411970566502193492019
  1933817899260288998419048
  2920004353063337926403565
  4434132803190642103414240
  6654826559372978344210515
  10103902426088634119632341
  15249843747053618959696713
  23094163494840390202137163
  34798134501861802347735306
  52670992633066430195269114
  79544852347844811462915228
  120663523450453120416414042
  181467398368043425307473309
  274748594354732948773966125
  415353293952214227120189519
  628372447451625125187333361
  946225500787775805279845206
  1431302836847008497518014551
  2158172758914397470620773327
  3273505190318007467103312420
  4919780777199141976415145274
  7461378058393410217333255791
  11249439071849486239224606477
  17017916504880316988342070252
  25613638185555105248976428494
  38721395862258477899518260954
  58501340616381790459675897098
  88487105656671883141522948827
  133149571784221414669953671520
  201552410303915358798533072092
  304174578094774252414457938929
  459754736715159908246347815762
  692706798624375322758098239452
  1046644503053950605541202978977
  1578158293981632734933025855169
  2390500790135825412237031981026
  3590506804829405066353383240615
  5438303292287032800725860790397
  8196295805169879036500649994600
  12383050431369093102640798614897
  18654399462135653857002407076049
  28168805566000030222653841287783
  42509882140192841133896898024816
  64300918704826245143280177007054
  96682283239683996361083827918835
  146192357465516113819494455398407
  220645019749356148758303207734808
  333112335278973804886218835826538
  501280762793038519785473346315603
  757094705501383604581482463492824
  1141093861892979648046288843886163
  1727248177895289104483982138764358
  2594339406319310519956372071170365
  3926134526565754369054328393058427
  5916750931522097689392089380537897
  8930256201898718189825037655036363
  13433676289224673337693432460036967
  20290517096727697788660162797419476
  30610493834883583065329211713023114
  46250829048993087833975738468824975
  69515896670607670211480005163764849
  105102180342149060809924032788871736
  158394533432714781395173427770816069
  239186029351402394803802266794885532
  359961584849310163504006353325561561
  543530699088895280502459996392921284
  818396935878780730210008236727756525
  1238056700074516284094657928093688910
  1858097845814864039566753539051080658
  2809769414020282472818944937870845967
  4231674371542397619705402013588424850
  6386876103218100289601894316653175406
  9612870460255098364056572950213309078
  14508302189408257385536046661324896974
  21861014844442359359454825135935120031
  33031585986010717683715387474720617541
  49633753431295601055410601485610010725
  74957949163144355952879393407490663738
  113017704706029492348824742521479320165
  170558307477139946948055985500872924242
  256504794845000581603696060811209673193
  386836122640354733534459653341526752657
  582537131705446223682426527894569068358
  880654975038505942377092656180375367007
  1322342318199369382169463606067859569797
  1998464909570674808836924970349491385162
  3009359286095824942294110541794545639049
  4540877203941670186678858983304596878982
  6828136336996015369668119292645656669367
  10295723209157236292040967870429006304511
  15520978141580831228189702304022030903057
  23424748939149173942916282559221267417502
  35205268616160819711192370920295322668570
  53149941463574121202961931396907432819333
  80088879166079488396868740206602072118721
  120749137687512007172641490593761564234538
  181695300915830923604167386349236474542244
  274000160818401163286996644438971465895288
  412397192098915915562402122520536225730841
  623044412462464258782621468368701731813313
  935161659507132330309108975430516050602326
  1412867732579118556282363624739161272470317
  2126837187936902787114095698090047608571063
  3205582342585379494402105232206440862039530
  4823549296440599228277964146775432196926407
  7271885218293137532744543832460972544279889
  10952321970207410114176868840919916845982699
  16528792235342717302020560520891216736378389
  24842685697573396727768516607189602717272399
  37474485392456891200351997191490011288730217
  56462345536175454461254953732882376323684948
  85119121655067944658297731462808957750279910
  127967569473103993832453016050382378486892186
  192952889481940878539392776159407757560612632
  290374069958026698688652765837113630588040706
  438410427386701552566071247783360076665916269
  658487806963109313755424996234692832079514922
  994125602538339858955157607352970477408415214
  1496051923807100856675977124858767241492752337
  2254762827370694821270689178637196562640297658
  3389205989075603577151553742144065409226778482
  5109779307470159488830736246790519107861364047
  7697607701203918573594528966011531031959930694
  11606306688990210426647267255633774965104904504
  17435491431821214150381368773071320997803752416
  26312109119659402735514927582240004539922343255
  39602975398586466458099168419165752891909978538
  59699981661066354619526869325262593483726285395
  89764355667377623031253794857832031383152663941
  135288097011799826118863117465338613061536346151
  203597737842841129831709688566585996705109478758
  307285740965319088912383813179980096083591059883
  461038734783094463457660672188990697068762092914
  695873427511517359223995953121328869083200694828
  1047178160659359379912834470470951359676099624706
  1577989129494592504507432117014044004588800199963
  2372362256835307658437793218181412015883617367941
  3575626655146908588195127914984620620480226135560
  5381167747638488083799312181870865369775626174540
  8118518771134476932741084406311839926510564418768
  12194074620221744275226722964552541919250967413979
  18378993588065717784939511187334765543165672384031
  27680790687615566667512247915187282830462244114702
  41715418302153442550499505931518207138341344111469
  62687326824931884779647033427173992584310198618862
  94442721348024796419455177008796596152155623937607
  142069042340920130731128422372356363520209063557414
  214340094369808699630581762248973098092676898500212
  321876261248722995593955572525637480787817710584987
  485586013583576783098291446731305812926606224364797
  730470605507934275874795131004237709595694787589277
  1100541981974273808734428109494723998399399902792923
  1654136028989840495779128307016289064853411580027513
  2491595231974594361413268675005778722586519625085978
  3751371518369068710024454513508138769158636505342750
  5653514888563668775237637101898740170280521785955721
  8494299368991786920567990713909665597764407840371211
  12805761809788143106301376589369977585576737240265634
  19271954673748521191937560340296491512095908092210216
  29028780257494627871315734968984963071414780085587496
  43650070330492840497066227424982415296229976557280969
  65724132729301557199144362084701017554438617612646228
  98873008153805977578210384064615999290858029689121511
  149139493285232041128552729205112192667170887572441000
  223831243902263089681899369712977616977121817741386297
  337578196834912530580197528208449947815801996000807243
  507708071807341221323654106430442906479212098573145739
  764637562417719593343322395700822746934068824598494349
  1149702530187809380781535164436082049027258584589628931
  1731103912863918500836983529700390489505453781352543145
  2605479955876532837730896473287956709891937506404528985
  3926808442134232180718698851386622927797393675352200364
  5898512422162562456718091324014228993331436577769080112
  8887839937271305779550592867523567313187014319532044229
  13378680574880274036802993727515085532658074152249001972
  20144040741492346576826138153041835842564664090223870487
  30268735860780103988488646614254535847051975501285847738
  45592312967981024178964706193755424526040789490303954505
  68568732174133734599869049211046460822982001965045061128
  103384374992123820885863803436017876675239915226572707475
  155199987223864064612059996526933420713965339998160290338
  234030553851327713273390228885527120938296060483865060829
  351961508595191322450343722077457638174137733155623608007
  529839785626869076603818219878604326584171070338213976236
  796192282014961499091465511420520157283330431663820697482
  1198987222509774477698029085103752567555205138459961309930
  1804507827509626498547760099217961124574509151555229535736
  2718867188996807360677219055064610446151145229567020162373
  4082499098375093760813571209709520607344569042431067131577
  6152409482226088865421062203625137769230077400489034344443
  9254862843570947793325831409799628035143807890869236090583
  13936300460650394256342571737352574297635905635646832286668
  20947287905656065657802717406056384818454939103295664668207
  31543107545235508403722404724789811583874651296468026038369
  47431504781595153073972125396347912169002199218864623422421
  71495624763092112073812477231246914345997526589617062792172
  107278535574751798710589636928707186167234108709296229557117
  161724220036876803937392387759837025109313561940871239903396
  243137388666741826258672614900002528006088995566988112972571
  366118927929664876501695007125087957633455675868144654564169
  550243472692383842328653848439153531641570295304629374726492
  828541050741644922280589115458590478968125285829140560916139
  1246066690322977989573037682272138055592922618973418809312860
  1877633010424818737135394533008082866632149993286459049746565
  2819533613688194681362886877757011531443359491703563316549579
  4246330500497800216997212472591577652169712628506954309063570
  6389596752837200446409188172991059442771733246272736895533507
  9620527766792339404456983102531333063427033384889724332186794
  14453460235494612963782317234162340509164521768855079130979641
  21753879265719823932071305610766758911974140321406412331725732
  32712150636307661678452171076189284533965558429513584211324959
  49298224571709274984688653872337543689212456579659082816934967
  73994419304759223632512685522627318815032320735151895718696532
  111518410866060830508804153849084635953360599160988473447539162
  167689179240500683673615572881630614958922375257766833465443676
  252428146102729385852534583195030957446754889873151725255454043
  379239304444946870161071893842192288546382614093471224942347352
  570691926378765489556028358343976215290941826909987231618630429
  858739644088648386423002063550079261796253403923016279990256484
  1293209784263272236733970337357093758694862813294757384917186201
  1941927740476898878826113637111578524394094612068182055106194096
  2924773592833545795878035828973164078060752472517017595703791602
  4400213511422893317338461560271804911211666585513441710746852958
  6620921369395293152853837550337546381106783788936559326267670613
  9951209154685346303054423222715554304052944913308288313348219443
  14977531959916651585933813223076393586666645257659339260342463368
  22516674322834909231268423205878681987814089096738417308640620102
  33925595845469263511671891378266755824885461042721699954610512278
  50919047173402622750873018610586978801818816627319468688046444730
  76716178523109816683784680663461390635830482803064706626035181651
  115334635907660290805424891787942249735985859070907114205373014958
  173559378169874593952073337517618978661211224498581116047364059312
  260856926649779096205217133363971283546939063821270337769132016746
  392562597385348458394973824105887446941437995315762284147428585823
  590394811890128365882303250153455101173491255632054153801219208419
  889043929373351103086221763513739733170744026321281157430363926653
  1335334542192691668793504458321106101836344849102405493917129885026
  2010129404757808670332467816623623234726174959767488259031274739604
  3023951792979679847475246609530638954069112685464925019009472260315
  4550721645067689515002072391245134679500017385885749977505694079437
  6835119504970310498914240048898310532314628547779274391915139870476
  10287876215785199748696415246007669302107209281647930893429894519715
  15464035180173394712352560137041188617723762541575611060843071456463
  23296146038752531589773866029102859404031125377968198681079836536919
  34971822557409299115985428675334859406372627750382669309494631851643
  52683169750501564567131134277118838712625042291118143247655361895091
  79187353591240426179101785275913271379754286544691252931814927225853
  119152024084733520701711696751426887069343040782885081844424591734884
  178995278229570358869580394271881818491317728203766584408905343028870
  269359948202409476463880129382102587503245095704315310928044100058282
  405185879999164745571534977867099599751628884399884241522121511167712
  609854814925199143025973698697436958754066821703935580967286166801639
  915681134267052320702398508595955383418975150128653662428276526873072
  1378999465337404141431493024604832727775867899225437152729405372186665
  2073451197597223704159711869270327846823580574915600175621325235935350
  3120045094460160006469721099553598672245458755951510951625848694529904
  4687494240072463425072538304466274630520909594324789822637124408137355
  7054302961677860413727044195902623419786494099985700461147527315473907
  10603678670375149502848733830405626063053796427116340617264837631601989
  15970364422071446878452280021957904215247694811743446724835038637372185
  23961270002462509834509408659960823713607988760916417160633244345599977
  36088087329897786076479766130467495903543261286500601373600700080065583
  54249273953045841024895273519305950196267681469916951238365219342462637
  81636476792061443107063539161920652005092523154817893164783129464373803
  122632821166844399454281756880951322020751731432172164370350989845794918
  184526584569426539586148234119289770317919500435984846536604804610384958
  277418834156003065450984821354020154966084606819967287732763659660278347
  417770849557858686987489431598301529995765457164899292595994138650565262
  627188896967546683395357360743711427502265886781178392189643644726167295
  943892914317715583748250742306288230035002849330137240343757542810906496
  1419565540747737712236325942016974658389753195460933513275260450049650460
  2136063964794284879765719793990228459721747075556255322233054977060265905
  3208383710693617749429430717629984476316794200504909600670850657682824096
  4826937376185376884422174109019220736289510904188906399506359572810306270
  7253547171481086993678001436831859113814180666041961518248562981240889181
  10924641767484573511295443521564132027345280201840576883844891607046473119
  16397173376709910728781362047952980897910358731811728296027217942139729284
  24695429021958276691041466762772835335272409716575894066853930240402830387
  37110749291023904014198606164428492719325647203088245332842506151267139713
  55838864863856019044841027138597445665044372868911455996610792055921003093
  83864801671076544212401001940909827727671406169653217777236530153011300728
  126156805833827534756473870464566626760091122028722577830811002215791304011
  189722879304034198503099080838869118113463173346721194833393760497261377741
  285499865652586636148853634159448919155626176342176135394118229123158385784
  428737467963956606915944812509897274306658498388064411555344948650760103886
  645322784979238633379135905681719468247372340110714379107676143848335681554
  970196980983605136949498293396632068939387171618971967606569998775210199672
  1459474441882963463060443619875638037293807489918881187280422754314977032459
  2192883280201007452002445126593454179166568282437567962645606857929215612882
  3298311149277095509310356764754851578597819902306084142029094008056131979832
  4957425883064284109094663917178743978760716427032695999856054697124871823598
  7464071621915881475952107002997187517516901406774057540432971215575737154141
  11200921638216378943749554937225253076320938747403401636570034187185434218550
  16864223319206119091446471545474404689293274531553608482973803343279924304335
  25344032117405338626843651198646852045736453033134582865203991824062501650710
  38122912041238576179423131596119069249916630907851761101317252843869624152163
  57278955495648086179309812450029625223455640653560116025749547271647635804714
  86141128498035646004114171038376595563805227616112002479025549861543153845482
  129528162758487684460005373791482888592601585476819209891938430828088166245121
  194932634132509583048946253404409232454368427998838579463433891594286090090355
  292663569370743756556351339761620014139131835909059467650336267006328019703247
  440431966843135889801259676370459155957393761603631720263202528493028936161766
  662269863148545698965404987034946149714432792603591466538174665868290307808933
  995950068212051294345895312291994007898110840429883345335029960373445662894478
  1495774647966069270012492720517462252726560591219194084569727494885438734920866
  2250189280910379859696910343358536862744928529141242628922848575707835336233149
  3381494850302552405654200067480084936247454524494777268099934196051255447858040
  5091259415746569951682161966563514750478541147931166543454528663371990866871198
  7641054042447298216269304536142578646211674300125001494393835233955054380682986
  11503140299526198003514095033335230050890917733457612971498358392697153067742328
  17286147371100309039329643869452168419666700501883762384052423768662240365237374
  25997877330480564653297792669227773452639918465963638958348028083578821101472217
  39042602848103693786914374844053618007924559050903268257745312781334957667404975
  58731448209740998698795838192157773437733586084059963301904469254197132247787314
  88308105600814687428231599231518236044667901400033300511577719885797842922936446
  132867718107931196230757154307322116367457571343865642683790474567694595284845667
  199447904735233943956111229064050275584146562371603475722004634916361299912820580
  300188517955290627712408940888517542509378755998147837644978845860737399947958149
  451152265858553288769586770419155051567576240135376687370433462152617370346747851
  678636658025277667752205253043970416522982234675374720554532320690152181132791831
  1019389363266565040747765341588425745819431762139658872714043996321013994633454046
  1533389995052379603420303872831024655574675120048740034374002592255696922027137127
  2304013837563919520046420688355027424385911016666493441466804363405600277495286208
  3468184102147026180893386694734744812927440517475612961925265246569443519349481825
  5203877319587390464994230234333927071182932691307496013577927969753198889659159154
  7832974424677631912390542612936624943943781881089039312137810125367147124824990485
  11769944119327094092293016978164437994881577772961022415420020039236588523962543229
  17701853178919238963806577376660655550309391138268253803300500299701871398238804310
  26592734746447647059297460616993114845638467397963592364057005597225689297704279713
  39994244378159178315586701460788566412378403307914134990447833415709363982690605005
  60111083863046263804942480433485752788374038011665643650466489949474301219946204686
  90451868378237635492253688856600682668126916799603101944248953933189701737801207982
  135785787917628637838253617949846848662258835648082159676828321814729938243041085305
  204280437554766347719283306281613802768769872674288087403399121869979002469977645168
  307132981000161371303340380003109305623267616063787271778069649636381989505542476548
  461901172958924556672974195165181377164480786659918451418319599185061228913387139587
  693690165598357869347459333263180190415940026433284648833281100549945381352000336489
  1043012996384938944571939975481295654699106452666129361816039925745476491117601272884
  1567339637925586458472968799264257542295820570810312471867095428301543801551825387310
  2359002272759562070926590081726397825874549053810914761646620036684710818274505442961
  3540388876509910980067812289079051920796560852839253707486041161253154099606470768472
  5328379919443273852361314993423189063957529712793577852178991021589995229883106891045
  8006848334277619510716325110474583446806465968675385414756780326192042583176352149122
  12042472561737738651276040885019626734229614701263412841001454728015126260383405932042
  18082304120798617631283338329024602265218339593792983932665108898407278757779579506378
  27190104189026199183033655796369502975972142183151304060952480651515364054670198115642
  40875602168868810092279548025538971996642980785405069164832933552673752520427660471361
  61487794792289199414183245269500435313471924662496312588468633024778298869677869901615
  92315517866633253482757398320784384910352364439702574932244594470981002715045759550417
  138885750773188288436867403518921892582065494164665347526547896055991333791706560487704
  208755531330112855900986564514559789976046617815777490452827378773711844878068210413350
  313892934316286500927678079303909882703445580315807159060584062046073943237906756148638
  471526304865739294547711076811103706170963818089723288620891537683566908661180225135978
  709036107232415146636530721913590298197498113978869546881374723141464034196140734521164
  1065172696095484637443004408870732698723019467359403267798868351258374695752049056916139
  1603142669611528691060968681121163448271914785264900579271658102808599905776623837248246
  2405501014687333872950802505284738327238339761166828312747419207758548454397833221906809
  3620087659603756151038321923042888781792116106141598466682321798528149783967071604627776
  5439500641679851684828237584111980359744796701747710605384606402671963617800057874949534
  8177785500326018391727657716234737222337044456582342595192073189240531602387673511135286
  12284677688338144966237301805857802225914221085347076213283726039690783200980831951049803
  18471297709308258088210931628168810790685216812349152978792709983551815800368166363364940
  27760681629268841572398381698114292986441337052037102532892268903431404886653812338094077
  41760128513895059445967813526038865525326886153750401583318828212137981314164519237443889
  62701873264957633181543949957414268651978193528861122549953041546035210986444363139808689
  94299148637692835105529933394923819626957700528848580276518403621064130042302460408898505
  141753869185209792381120938249428771162303792279016641034999648316026227599389856445636845
  213141715100973352694545193170828179516430746382798585517177176533132667629838186056497919
  320062667661759117330587342948672270426957990816575669816566318712624384497380554200167077
  481264081295645674851225694949566571542098799800425229667216548530189078372598865504348215
  723040786514161414891966594592869391547214715488394541045100593702587989617813089928738489
  1087983863040840237171351801022155490990003319883755978055068111261539229905507387338025720
  1632997322086858865889350825039655837641112935596802514063631457699821753511965942361753376
  2457192379055540313228181369993397061566177952580034169064883166363029780738896601407390404
  3691578383488309238043474346819268442908973541203070319752255411206362189703744757607489563
